1 
# Monkey bottom -> Tree dist -> Tree top -> Tree bottom -> Action
# self.box = 40, self.alpha = 0.5, self.gamma = 0.5
[0, 0, 0, 0, 0, 0, 0, 0, 0, 0, 0, 1, 0, 0, 0, 1, 0, 1, 0, 0, 1, 1, 1, 0, 1, 0, 0, 1, 0, 1, 2, 0, 0, 4, 1, 0, 1, 1, 0, 0, 1, 1, 1, 1, 1, 0, 1, 2, 2, 2, 1, 1, 1, 1, 1, 2, 2, 1, 0, 1, 2, 4, 0, 0, 3, 4, 2, 3, 1, 3, 1, 1, 3, 2, 1, 2, 1, 2, 4, 6, 1, 0, 0, 1, 4, 1, 1, 4, 0, 20, 19, 1, 0, 1, 5, 3, 2, 11, 2, 1]

2
# Monkey bottom -> Tree dist -> Monkey bottom - tree bottom -> Action
# self.box = 40, self.alpha = 0.5, self.gamma = 0.5
[0, 0, 0, 0, 0, 0, 0, 0, 1, 0, 0, 0, 0, 0, 1, 0, 0, 0, 0, 0, 2, 0, 0, 0, 3, 0, 0, 1, 1, 1, 0, 0, 0, 1, 0, 1, 0, 2, 0, 1, 3, 1, 1, 1, 1, 1, 2, 5, 3, 2, 1, 0, 4, 3, 1, 1, 2, 0, 1, 5, 0, 3, 1, 1, 2, 1, 2, 1, 1, 0, 2, 3, 1, 4, 2, 3, 0, 3, 5, 1, 2, 3, 1, 0, 1, 1, 0, 3, 3, 1, 4, 2, 5, 11, 16, 9, 0, 0, 12, 1]

3
# Monkey bottom -> Tree dist -> Monkey bottom - tree bottom -> Action
# self.box = 20, self.alpha = 0.5, self.gamma = 0.5
[0, 0, 0, 0, 0, 0, 0, 0, 0, 0, 0, 0, 0, 0, 0, 0, 0, 0, 0, 0, 1, 0, 0, 0, 0, 0, 0, 0, 0, 0, 0, 0, 0, 0, 0, 0, 0, 0, 0, 0, 0, 1, 0, 2, 0, 0, 0, 1, 0, 0, 2, 0, 1, 0, 0, 2, 0, 0, 0, 0, 1, 0, 2, 0, 1, 1, 1, 0, 0, 0, 1, 0, 1, 0, 3, 0, 0, 0, 0, 1, 0, 1, 3, 1, 1, 1, 0, 3, 1, 3, 0, 1, 1, 1, 0, 0, 0, 0, 1, 1]

4
# Monkey bottom -> Tree dist -> Monkey bottom - tree bottom -> Action
# self.box = 56, self.alpha = 0.5, self.gamma = 0.5
[0, 0, 0, 0, 0, 2, 2, 1, 1, 4, 2, 1, 1, 2, 1, 1, 1, 0, 0, 5, 0, 3, 0, 0, 0, 0, 0, 0, 3, 1, 2, 0, 1, 2, 0, 2, 1, 3, 1, 1, 13, 0, 1, 1, 0, 1, 2, 0, 0, 0, 1, 0, 0, 0, 0, 3, 1, 1, 0, 0, 0, 0, 4, 0, 11, 100, 2, 1, 0, 8, 0, 0, 0, 0, 0, 11, 2, 0, 1, 0, 0, 0, 2, 0, 5, 3, 0, 0, 0, 4, 2, 1, 0, 1, 0, 0, 0, 0, 0, 2]

5
# Monkey bottom -> Tree dist -> Monkey bottom - tree bottom -> Gravity -> Action
# self.box = 56, self.alpha = 0.5, self.gamma = 0.5
[0, 0, 0, 1, 1, 0, 1, 7, 0, 2, 0, 0, 5, 0, 1, 0, 0, 2, 2, 1, 1, 0, 4, 6, 2, 2, 1, 2, 6, 0, 1, 0, 1, 4, 0, 0, 0, 1, 0, 2, 0, 3, 1, 0, 3, 3, 15, 2, 1, 0, 20, 2, 4, 0, 8, 2, 10, 2, 1, 1, 0, 0, 1, 0, 0, 0, 0, 4, 1, 8, 1, 2, 0, 1, 4, 0, 24, 0, 0, 0, 56, 0, 3, 0, 1, 1, 0, 0, 0, 1, 0, 0, 1, 0, 0, 2, 0, 3, 0, 0]

6
# Monkey bottom -> Tree dist -> Monkey bottom - tree bottom -> Gravity -> Velocity -> Action
# self.box = 56, self.alpha = 0.5, self.gamma = 0.5, self.velBox = 4, self.velRange = 100
[0, 0, 0, 0, 0, 0, 1, 0, 2, 0, 0, 2, 0, 0, 0, 0, 0, 0, 0, 0, 0, 2, 0, 0, 1, 2, 0, 0, 0, 0, 0, 0, 0, 0, 0, 0, 0, 0, 0, 0, 2, 2, 0, 0, 0, 0, 0, 0, 0, 0, 0, 0, 0, 0, 0, 0, 0, 0, 0, 0, 0, 0, 1, 0, 0, 0, 1, 0, 0, 0, 0, 0, 0, 0, 0, 0, 0, 0, 0, 0, 1, 1, 0, 0, 0, 2, 0, 0, 0, 4, 0, 0, 0, 0, 0, 2, 0, 0, 0, 0]

7
# Monkey bottom -> Tree dist -> Monkey bottom - tree bottom -> Gravity -> Velocity -> Action
# self.box = 56, self.alpha = 0.5, self.gamma = 0.5, self.velBox = 4, self.velRange = 100
[0, 0, 0, 0, 0, 0, 0, 0, 2, 0, 0, 0, 0, 2, 1, 0, 0, 0, 0, 0, 0, 3, 0, 0, 0, 0, 0, 0, 2, 0, 0, 2, 0, 1, 0, 1, 0, 0, 1, 2, 0, 2, 3, 0, 0, 0, 0, 0, 0, 3, 1, 0, 0, 1, 0, 0, 3, 0, 0, 0, 0, 0, 1, 2, 0, 0, 1, 0, 0, 3, 2, 0, 0, 0, 0, 1, 0, 0, 0, 0, 0, 0, 0, 0, 0, 0, 0, 1, 1, 0, 0, 0, 3, 0, 2, 0, 0, 1, 2, 1]

8
# *Changed starting gravity to 1 (expecting -4 to start)
# Monkey bottom -> Tree dist -> Monkey bottom - tree bottom -> Gravity -> Action
# self.box = 56, self.alpha = 0.5, self.gamma = 0.5
[0, 0, 0, 0, 0, 0, 0, 1, 0, 1, 0, 1, 1, 1, 2, 0, 4, 1, 1, 2, 0, 0, 3, 1, 0, 3, 4, 2, 0, 5, 1, 1, 0, 1, 4, 0, 3, 9, 15, 1, 0, 1, 17, 2, 18, 1, 2, 4, 9, 3, 1, 2, 0, 6, 1, 4, 0, 6, 28, 0, 45, 1, 13, 0, 0, 2, 41, 3, 7, 0, 0, 0, 34, 1, 0, 9, 47, 0, 0, 15, 0, 1, 0, 0, 0, 1, 1, 0, 3, 0, 0, 0, 2, 1, 0, 0, 0, 2, 0, 0]

9
# Monkey bottom -> Tree dist -> Monkey bottom - tree bottom -> Gravity -> Action
# self.box = 56, self.alpha = 0.5, self.gamma = 0.2
[0, 0, 0, 0, 0, 1, 0, 0, 0, 0, 0, 2, 1, 0, 2, 0, 2, 3, 1, 3, 4, 1, 0, 2, 3, 0, 1, 3, 6, 10, 3, 3, 7, 1, 11, 2, 0, 0, 1, 0, 0, 0, 0, 0, 0, 0, 3, 0, 0, 7, 2, 0, 1, 0, 0, 6, 0, 0, 0, 0, 0, 0, 1, 0, 0, 1, 0, 0, 0, 0, 0, 0, 0, 0, 0, 0, 0, 0, 0, 0, 0, 0, 0, 0, 0, 0, 0, 0, 0, 0, 0, 0, 0, 0, 0, 0, 1, 0, 0, 0]

10
# Monkey bottom -> Tree dist -> Monkey bottom - tree bottom -> Gravity -> Action
# self.box = 56, self.alpha = 0.5, self.gamma = 0.9
[0, 0, 0, 0, 0, 0, 0, 1, 0, 0, 1, 1, 0, 0, 1, 1, 2, 1, 2, 0, 0, 1, 1, 1, 2, 2, 0, 2, 1, 2, 0, 1, 2, 3, 4, 1, 0, 8, 4, 1, 1, 3, 3, 6, 23, 25, 2, 7, 16, 1, 0, 4, 0, 0, 12, 27, 1, 0, 1, 0, 2, 0, 0, 1, 0, 0, 0, 0, 6, 7, 6, 0, 13, 3, 1, 0, 6, 25, 11, 7, 0, 1, 0, 0, 1, 0, 0, 1, 3, 1, 0, 0, 0, 2, 0, 1, 0, 0, 0, 0]

11
# Monkey bottom -> Tree dist -> Monkey bottom - tree bottom -> Gravity -> Action
# self.box = 56, self.alpha = 0.8, self.gamma = 0.5
[0, 0, 0, 0, 0, 0, 0, 0, 1, 0, 2, 0, 0, 1, 1, 2, 1, 0, 1, 1, 3, 5, 1, 0, 5, 1, 1, 0, 0, 1, 3, 1, 0, 0, 2, 1, 2, 5, 2, 2, 0, 1, 3, 6, 0, 1, 3, 0, 0, 6, 0, 4, 26, 27, 0, 15, 0, 0, 17, 0, 38, 2, 4, 7, 22, 0, 3, 7, 10, 0, 0, 2, 0, 1, 4, 1, 0, 2, 6, 0, 0, 0, 1, 0, 0, 0, 0, 1, 2, 0, 0, 0, 0, 0, 0, 0, 0, 0, 0, 2]

12
# Velocity -> Tree dist -> Monkey bottom - tree bottom -> Gravity -> Action
# self.box = 56, self.alpha = 0.8, self.gamma = 0.5, self.velRange = 80, self.velBox = 4
[0, 0, 0, 0, 0, 0, 0, 0, 0, 0, 1, 0, 0, 0, 0, 0, 0, 1, 1, 0, 1, 1, 2, 0, 0, 0, 0, 1, 3, 0, 1, 0, 1, 2, 2, 0, 1, 5, 0, 3, 2, 1, 4, 1, 0, 0, 2, 1, 1, 3, 3, 1, 4, 3, 1, 5, 2, 2, 2, 1, 3, 3, 1, 1, 3, 0, 3, 2, 2, 0, 2, 2, 2, 1, 5, 2, 0, 0, 1, 1, 0, 1, 0, 0, 0, 2, 1, 0, 3, 0, 2, 1, 0, 2, 3, 1, 0, 0, 1, 4]

13
# Monkey bottom -> Tree dist -> Monkey bottom - tree bottom -> Gravity -> Action
# self.box = 56, self.alpha = 0.5 + update, self.gamma = 0.5
[0, 0, 0, 0, 0, 1, 0, 0, 0, 0, 0, 0, 1, 1, 5, 1, 2, 0, 1, 1, 3, 0, 0, 2, 0, 0, 2, 1, 0, 2, 1, 1, 1, 1, 9, 2, 1, 9, 2, 7, 10, 1, 0, 3, 6, 1, 7, 40, 1, 3, 0, 0, 16, 1, 3, 2, 1, 0, 1, 2, 0, 1, 0, 2, 1, 0, 1, 0, 1, 1, 0, 0, 0, 4, 0, 1, 0, 1, 1, 14, 0, 0, 4, 0, 0, 0, 1, 0, 2, 1, 0, 2, 0, 0, 0, 14, 0, 1, 0, 0]

14
# Monkey bottom -> Tree dist -> Monkey bottom - tree bottom -> Gravity -> Action
# self.box = 56, self.alpha = 0.5, self.gamma = 0.5
[0, 0, 2, 0, 0, 1, 0, 0, 2, 1, 0, 1, 1, 1, 0, 0, 0, 1, 0, 0, 1, 0, 1, 0, 0, 0, 1, 1, 1, 1, 2, 0, 0, 1, 1, 0, 0, 0, 1, 1, 0, 2, 0, 0, 0, 1, 0, 0, 4, 2, 4, 4, 10, 5, 8, 5, 0, 0, 13, 0, 10, 14, 0, 25, 0, 7, 6, 1, 0, 1, 0, 0, 0, 0, 0, 1, 0, 0, 1, 0, 1, 0, 0, 0, 0, 0, 1, 0, 0, 0, 0, 1, 1, 0, 5, 7, 2, 2, 0, 0]

15
# Gave monkey bottom - tree bottom its own optimal distances
# Monkey bottom -> Tree dist -> Monkey bottom - tree bottom -> Gravity -> Action
# self.box = 56, self.alpha = 0.5, self.gamma = 0.5, self.marginBox = 20
[0, 0, 0, 0, 0, 0, 0, 0, 0, 0, 1, 1, 0, 1, 1, 1, 0, 0, 0, 0, 1, 1, 1, 0, 1, 1, 1, 1, 2, 1, 0, 0, 2, 2, 3, 5, 2, 2, 1, 0, 2, 1, 10, 0, 2, 0, 1, 2, 6, 3, 2, 1, 7, 1, 1, 1, 1, 5, 3, 3, 1, 7, 1, 3, 2, 2, 10, 0, 0, 5, 7, 0, 0, 2, 45, 15, 3, 0, 16, 0, 6, 0, 70, 0, 2, 1, 53, 0, 3, 0, 219, 2, 0, 69, 0, 249, 1, 358, 247, 18]

16
# Rerun of 15
# Monkey bottom -> Tree dist -> Monkey bottom - tree bottom -> Gravity -> Action
# self.box = 56, self.alpha = 0.5, self.gamma = 0.5, self.marginBox = 20
[0, 0, 0, 0, 0, 0, 0, 0, 1, 2, 0, 2, 0, 0, 0, 2, 0, 0, 0, 2, 1, 1, 2, 0, 3, 1, 1, 0, 5, 1, 0, 3, 5, 1, 1, 3, 3, 1, 1, 6, 3, 8, 1, 1, 2, 10, 5, 2, 7, 11, 6, 1, 2, 3, 6, 1, 1, 2, 12, 4, 20, 2, 2, 0, 5, 5, 55, 18, 11, 2, 1, 114, 3, 0, 102, 1, 29, 1, 0, 0, 2, 44, 5, 32, 2, 43, 0, 0, 1, 2, 10, 1, 9, 6, 8, 16, 4, 1, 1, 5]

17
# Monkey bottom -> Tree dist -> Monkey bottom - tree bottom -> Gravity -> Action
# self.box = 56, self.alpha = 0.5, self.gamma = 0.5, self.marginBox = 30
[0, 0, 0, 0, 0, 0, 0, 0, 0, 4, 0, 1, 0, 0, 0, 0, 0, 0, 1, 0, 1, 2, 0, 0, 1, 4, 6, 4, 3, 1, 2, 1, 0, 2, 2, 2, 4, 11, 6, 39, 1, 17, 1, 0, 2, 0, 7, 2, 3, 57, 25, 4, 0, 147, 28, 37, 0, 64, 0, 0, 0, 56, 15, 2, 0, 2, 17, 1, 0, 8, 9, 0, 0, 1, 0, 3, 2, 0, 0, 0, 1, 0, 0, 0, 7, 7, 1, 4, 0, 0, 1, 0, 1, 0, 1, 0, 0, 0, 0, 1]

18
# Monkey bottom -> Tree dist -> Monkey bottom - tree bottom -> Gravity -> Action
# self.box = 56, self.alpha = 0.5, self.gamma = 0.5, self.marginBox = 25
[0, 0, 1, 0, 0, 0, 0, 0, 0, 0, 0, 0, 1, 1, 1, 0, 2, 2, 0, 0, 0, 1, 1, 2, 2, 3, 0, 0, 0, 0, 0, 1, 0, 5, 0, 0, 2, 1, 4, 1, 6, 2, 3, 0, 9, 11, 6, 0, 0, 1, 2, 3, 5, 9, 19, 35, 1, 42, 0, 7, 1, 1, 0, 2, 19, 80, 0, 16, 121, 0, 177, 154, 76, 0, 69, 6, 20, 25, 1, 98, 1, 28, 2, 5, 1, 0, 4, 14, 19, 74, 0, 1, 3, 0, 10, 42, 0, 7, 0, 0]